止血草 0	4401	1	0						
腌肉 0	4402	2	0						
行军丹 0	4403	3	0						
金创药 0	4405	5	1						
蟠果 0	4406	6	2						
紫青玉蓉膏 0	4408	8	2						
赤血蚕 0	4409	9	2						
水果 2	4354	4	0						
米酒 2	4353	3	0						
糖葫芦 2	4355	5	0						
蜂王蜜 2	4357	7	1						
灵壶仙丹 2	4358	8	2						
神仙茶 2	4359	9	2						
鸡蛋 2	4351	1	0						
茶叶蛋 2	4352	2	0						
烧肉 2	4356	6	0						
鼠儿果 1	4301	1	0						
还神丹 1	4302	2	0						
龙涎草 1	4303	3	1						
灵山仙芝 1	4304	4	1						
雪莲子 1	4305	5	1						
灵蛊 1	4306	6	2						
天仙玉露 1	4307	7	2						
还魂香 3	4251	6	0						
赎魂灯 3	4252	7	1						
孟婆汤 3	4253	8	1						
天香续命露 3	4254	10	2						
雄黄 4	4201	1	0						
糯米 4	4202	2	0						
糯米糕 4	4203	3	0						
雄黄酒 4	4204	4	0						
盐巴 4	4205	5	0						
鬼枯藤 4	4208	8	1						
九节菖蒲 4	4209	9	1						
九阴散 4	4210	10	2						
毒龙胆 4	4211	11	2						
大蒜 5	3951	1	0						
八仙石 5	3952	6	0						
银杏子 5	3953	2	1						
玉菩提 5	3954	5	1						
试炼果 5	3955	3	1						
舍利子 5	3956	4	1						
女蜗石 5	3957	7	1						
雪蛤蟆 5	3958	8	2						
金蚕王 5	3959	9	3						
引路蜂 6	3901	1	0						
傀儡虫 7	3902	3	1						
十里香 8	3903	5	2						
驱魔香 9	3904	7	2						
蛊 10	3601	1	0						
尸腐肉 10	3602	2	0						
腹蛇涎 10	3603	3	0						
缠魂丝 10	3604	4	0						
冰蚕蛊 10	3605	5	1						
火蚕蛊 10	3606	6	1						
忘魂花 10	3607	7	1						
紫罂粟 10	3608	8	1						
食妖虫 10	3609	9	1						
碧血蚕 10	3610	10	1						
醍醐香 10	3611	11	1						
迷魂香 10	3612	12	2						
蜂巢 10	3613	13	1						
幻蛊 10	3614	14	2						
爆裂蛊 10	3615	15	2						
三尸蛊 10	3616	16	2						
鹤顶红 10	3617	17	2						
孔雀胆 10	3618	18	2						
血海堂 10	3619	19	2						
断肠草 10	3620	20	2						
金蚕蛊 10	3621	21	2						
无影毒 10	3622	22	2						
赤蝎粉 10	3623	23	2						
毒龙砂 10	3624	24	2						
化尸水 10	3625	25	2						
隐蛊 10	3626	26	3
						